5 9
z
x1
x2
x3
s4
z
x1
x2
x3
s1
s2
s3
s4
rhs
1.0 0.0 0.0 0.0 -0.8888888888888887 0.611111111111111 -0.9166666666666665 0.0 9.999999999999998 
0.0 1.0 0.0 0.0 7.401486830834372E-17 0.1666666666666666 -0.16666666666666655 0.0 3.0 
0.0 0.0 1.0 0.0 -0.11111111111111104 0.055555555555555504 8.326672684688674E-17 0.0 2.0 
0.0 0.0 0.0 1.0 -0.22222222222222215 0.11111111111111105 -0.2499999999999999 0.0 0.9999999999999996 
0.0 0.0 0.0 0.0 -0.6666666666666662 0.833333333333333 -1.2499999999999993 1.0 0.0 
