10 14
z
x2
s2
s3
x1
x3
s6
s7
s8
s9
z
x1
x2
x3
s1
s2
s3
s4
s5
s6
s7
s8
s9
rhs
1.0 0.0 0.0 0.0 0.36666666666666664 0.0 0.0 -0.3666666666666667 -1.1333333333333333 0.0 0.0 0.0 0.0 10.0 
0.0 0.0 1.0 0.0 -0.033333333333333326 0.0 0.0 -0.03333333333333334 -0.06666666666666667 0.0 0.0 0.0 0.0 1.0 
0.0 0.0 0.0 0.0 -0.8999999999999999 1.0 0.0 1.1 2.1999999999999997 0.0 0.0 0.0 0.0 33.0 
0.0 0.0 0.0 0.0 1.3877787807814457E-17 0.0 1.0 -0.2 1.4 0.0 0.0 0.0 0.0 21.0 
0.0 1.0 0.0 0.0 0.03333333333333333 0.0 0.0 -0.1 0.0 0.0 0.0 0.0 0.0 2.0 
0.0 0.0 0.0 1.0 0.13333333333333333 0.0 0.0 -0.06666666666666667 -0.3333333333333333 0.0 0.0 0.0 0.0 2.0 
0.0 0.0 0.0 0.0 0.6000000000000001 0.0 0.0 0.6000000000000001 -0.7999999999999999 1.0 0.0 0.0 0.0 18.0 
0.0 0.0 0.0 0.0 0.8 0.0 0.0 2.2204460492503132E-17 -0.7999999999999999 0.0 1.0 0.0 0.0 12.0 
0.0 0.0 0.0 0.0 -0.5 0.0 0.0 0.5 1.0 0.0 0.0 -1.0 0.0 0.0 
0.0 0.0 0.0 0.0 -0.26666666666666666 0.0 0.0 0.13333333333333333 0.6666666666666666 0.0 0.0 0.0 1.0 -3.0 
