9 13
z
x2
s8
s5
x1
x3
s6
s7
s4
z
x1
x2
x3
s1
s2
s3
s4
s5
s6
s7
s8
rhs
1.0 0.0 0.0 0.0 0.030303030303030408 0.37373737373737376 0.22222222222222232 0.0 0.0 0.0 0.0 0.0 26.999999999999996 
0.0 0.0 1.0 0.0 -0.06060606060606058 0.030303030303030297 0.0 0.0 0.0 0.0 0.0 0.0 2.0 
0.0 0.0 0.0 0.0 0.0909090909090907 0.4545454545454546 -2.220446049250313E-16 0.0 0.0 0.0 0.0 1.0 14.999999999999982 
0.0 0.0 0.0 0.0 -0.0909090909090908 0.10101010101010097 0.5555555555555556 0.0 1.0 0.0 0.0 0.0 15.0 
0.0 1.0 0.0 0.0 -0.030303030303030283 0.07070707070707072 -0.1111111111111111 0.0 0.0 0.0 0.0 0.0 2.0 
0.0 0.0 0.0 1.0 0.0606060606060606 0.0808080808080808 0.11111111111111113 0.0 0.0 0.0 0.0 0.0 6.999999999999998 
0.0 0.0 0.0 0.0 0.9090909090909091 -0.34343434343434337 1.111111111111111 0.0 0.0 1.0 0.0 0.0 29.999999999999996 
0.0 0.0 0.0 0.0 0.727272727272727 0.08080808080808094 0.4444444444444442 0.0 0.0 0.0 1.0 0.0 23.999999999999996 
0.0 0.0 0.0 0.0 -0.6363636363636365 0.7070707070707072 -1.1111111111111114 1.0 0.0 0.0 0.0 0.0 -3.552713678800501E-15 
