10 26
z
x22
x34
x42
x11
x32
x13
x26
x35
x43
z
x11
x12
x13
x14
x15
x16
x21
x22
x23
x24
x25
x26
x31
x32
x33
x34
x35
x36
x41
x42
x43
x44
x45
x46
rhs
1.0 12.0 7.0 0.0 13.0 11.0 7.0 12.0 0.0 1.0 10.0 6.0 0.0 14.0 0.0 3.0 0.0 0.0 7.0 15.0 0.0 0.0 0.0 3.0 6.0 -588.0 
0.0 0.0 0.0 0.0 0.0 0.0 -1.0 1.0 1.0 1.0 1.0 1.0 0.0 0.0 0.0 0.0 0.0 0.0 -1.0 0.0 0.0 0.0 0.0 0.0 -1.0 3.0 
0.0 0.0 0.0 0.0 1.0 0.0 0.0 0.0 0.0 0.0 1.0 0.0 0.0 0.0 0.0 0.0 1.0 0.0 0.0 0.0 0.0 0.0 1.0 0.0 0.0 10.0 
0.0 0.0 1.0 0.0 1.0 1.0 1.0 -1.0 0.0 -1.0 0.0 0.0 0.0 -1.0 0.0 -1.0 0.0 0.0 0.0 0.0 1.0 0.0 1.0 1.0 1.0 2.0 
0.0 1.0 0.0 0.0 0.0 0.0 0.0 1.0 0.0 0.0 0.0 0.0 0.0 1.0 0.0 0.0 0.0 0.0 0.0 0.5 0.0 0.0 0.0 0.0 0.0 13.0 
0.0 0.0 0.0 0.0 -1.0 -1.0 0.0 0.0 0.0 0.0 -1.0 -1.0 0.0 1.0 1.0 1.0 0.0 0.0 1.0 0.0 0.0 0.0 -1.0 -1.0 0.0 8.0 
0.0 0.0 1.0 1.0 1.0 1.0 1.0 -1.0 0.0 0.0 0.0 0.0 0.0 -1.0 0.0 0.0 0.0 0.0 0.0 -0.5 0.0 0.0 0.0 0.0 0.0 11.0 
0.0 0.0 0.0 0.0 0.0 0.0 1.0 0.0 0.0 0.0 0.0 0.0 1.0 0.0 0.0 0.0 0.0 0.0 1.0 0.0 0.0 0.0 0.0 0.0 1.0 15.0 
0.0 0.0 0.0 0.0 0.0 1.0 0.0 0.0 0.0 0.0 0.0 1.0 0.0 0.0 0.0 0.0 0.0 1.0 0.0 0.0 0.0 0.0 0.0 1.0 0.0 4.0 
0.0 0.0 -1.0 0.0 -1.0 -1.0 -1.0 1.0 0.0 1.0 0.0 0.0 0.0 1.0 0.0 1.0 0.0 0.0 0.0 0.5 0.0 1.0 0.0 0.0 0.0 1.0 
